RECTANGLE 180 160 4294967295 255 1 300 200
RECTANGLE 80 70 4294967295 255 1 350 130
RECTANGLE 10 40 4294967295 255 1 340 140
RECTANGLE 10 40 4294967295 255 1 430 140
RECTANGLE 55 30 4294967295 255 1 245 200
RECTANGLE 55 30 4294967295 255 1 480 200
RECTANGLE 40 135 4294967295 255 1 245 230
RECTANGLE 40 135 4294967295 255 1 495 230
RECTANGLE 45 140 4294967295 255 1 325 360
RECTANGLE 45 140 4294967295 255 1 410 360
RECTANGLE 80 30 4294967295 255 1 290 500
RECTANGLE 80 30 4294967295 255 1 410 500
RECTANGLE 40 10 4294967295 255 1 370 180
TRIANGLE 390 90 435 130 345 130 4294967295 255 1
TRIANGLE 390 155 405 175 375 175 4294967295 255 1
TRIANGLE 335 260 360 300 310 300 4294967295 255 1
TRIANGLE 445 260 470 300 420 300 4278255615 255 1
CIRCLE 5 4294967295 255 1 365 145
CIRCLE 5 4294967295 255 1 405 145
CIRCLE 25 4278190335 255 1 365 215
CIRCLE 20 4294967295 255 1 370 270
CIRCLE 15 4294967295 255 1 375 315
CIRCLE 25 4294967295 255 1 240 365
CIRCLE 25 4294967295 255 1 490 365
